25 0 0 0 328 0 0 0 0 0 0 0 0 0 0 0 0 0 0 0 507 5814 0 0 0 10024 8 0 0 0 0 0 0 0 0 0 0 0 0 0 0 0 1705 948 0 0 0 247 0 0 0 0 0 0 0 0 0 0 0 2 0 0 0 30568
103 554 3 0 0 599 317 0 0 0 0 0 0 0 0 0 47 13 19 0 257 2972 2808 2 0 1 770 101 0 0 0 0 0 0 0 0 40 737 145 0 0 580 2568 1479 0 0 1 1571 0 0 0 0 0 0 0 0 0 0 4 7 0 0 0 34478
221 250 0 0 0 376 115 0 0 0 0 0 0 0 0 0 0 0 0 0 0 502 1147 3 0 0 723 138 0 0 0 0 0 0 0 0 0 85 3 0 0 95 2828 2033 0 0 0 2587 0 0 0 0 0 0 0 0 0 0 448 3 0 0 200 38419
2597 292 4 0 0 66 135 9 0 0 0 0 0 0 0 0 41 427 0 0 0 3157 869 85 0 1 256 1585 0 0 0 0 0 0 0 0 0 89 555 2 0 1 3945 2086 0 0 0 983 0 0 0 0 0 0 0 0 0 0 101 439 0 0 4 32447
9709 503 0 0 0 802 0 0 0 0 0 0 0 0 0 0 0 1 0 0 0 2175 1627 0 0 0 6080 6 0 0 0 0 0 0 0 0 0 0 1 0 0 0 6253 2910 0 0 0 1551 0 0 0 0 0 0 0 0 0 0 0 0 0 0 0 18558
3465 259 0 0 0 226 48 0 0 0 0 0 0 0 0 0 32 0 0 0 6 135 227 2 0 0 148 20 0 0 0 0 0 0 0 0 41 32 5 0 1 54 274 1314 0 0 0 700 0 0 0 0 9 2 0 0 11 498 664 7 0 5 2004 39987
1215 72 7 0 8 102 56 0 0 0 0 0 0 0 0 0 1337 3 0 0 1408 5763 533 36 0 12 491 713 0 0 0 11 0 0 0 0 0 61 9 0 0 74 2184 1551 0 0 4 2165 0 0 0 0 0 0 0 0 0 0 12 1 0 0 42 32306
1998 51 0 0 0 33 0 0 0 0 0 0 0 0 0 0 431 84 0 0 63 13775 452 1 0 1 202 45 0 0 0 0 0 0 0 0 0 377 183 0 0 18 3272 374 0 0 0 1070 0 0 0 0 0 0 0 0 0 0 27 0 0 0 6 27713
2080 441 0 0 0 8403 5 0 0 0 0 0 0 0 0 0 0 0 0 0 0 13293 9935 0 0 0 2326 59 0 0 0 0 0 0 0 0 0 0 0 0 0 0 283 230 0 0 0 244 0 0 0 0 0 0 0 0 0 0 0 0 0 0 0 12877
6966 1035 385 3 904 1034 919 44 0 0 0 0 0 0 0 0 1093 144 1 0 831 4115 1113 254 0 108 648 94 0 0 0 0 0 0 0 0 0 215 40 0 0 248 6664 850 0 0 126 873 0 0 0 0 0 0 0 0 0 0 77 23 0 0 109 21260
18678 91 0 0 0 42 5 0 0 0 0 0 0 0 0 0 143 160 0 0 0 4421 227 3 0 0 168 256 0 0 0 0 0 0 0 0 0 113 117 0 0 0 4087 1318 0 0 0 431 0 0 0 0 0 0 0 0 0 0 76 63 0 0 0 19777
